1024	1	1.01	0	1	0
     0	         0
     1	         0
     2	         0
     3	         0
     4	         0
     5	         0
     6	         0
     7	         0
     8	         0
     9	         0
    10	         0
    11	         0
    12	         0
    13	         0
    14	         0
    15	         0
    16	         0
    17	         0
    18	         0
    19	         0
    20	         0
    21	         0
    22	         0
    23	         0
    24	         0
    25	         0
    26	         0
    27	         0
    28	         0
    29	         0
    30	         0
    31	         0
    32	         0
    33	         0
    34	         0
    35	         0
    36	         0
    37	         0
    38	         0
    39	         0
    40	         0
    41	         0
    42	         0
    43	         0
    44	         0
    45	         0
    46	         0
    47	         0
    48	         0
    49	         0
    50	         0
    51	         0
    52	         0
    53	         0
    54	         0
    55	         0
    56	         0
    57	         0
    58	         0
    59	         0
    60	         0
    61	         0
    62	         0
    63	         0
    64	         0
    65	         0
    66	         0
    67	         0
    68	         0
    69	         0
    70	         0
    71	         0
    72	         0
    73	         0
    74	         0
    75	         0
    76	         0
    77	         0
    78	         0
    79	         0
    80	         0
    81	         0
    82	         0
    83	         0
    84	         0
    85	         0
    86	         0
    87	         0
    88	         0
    89	         0
    90	         0
    91	         0
    92	         0
    93	         0
    94	         0
    95	         0
    96	         0
    97	         0
    98	         0
    99	         0
   100	         0
   101	         0
   102	         0
   103	         0
   104	         0
   105	         0
   106	         0
   107	         0
   108	         0
   109	         0
   110	         0
   111	         0
   112	         0
   113	         0
   114	         0
   115	         0
   116	         0
   117	         0
   118	         0
   119	         0
   120	         0
   121	         0
   122	         0
   123	         0
   124	         0
   125	         0
   126	         0
   127	         0
   128	         0
   129	         0
   130	         0
   131	         0
   132	         0
   133	         0
   134	         0
   135	         0
   136	         1
   137	         0
   138	         0
   139	         0
   140	         1
   141	         0
   142	         0
   143	         0
   144	         0
   145	         0
   146	         0
   147	         0
   148	         0
   149	         0
   150	         0
   151	         0
   152	         0
   153	         0
   154	         0
   155	         0
   156	         0
   157	         0
   158	         1
   159	         0
   160	         0
   161	         0
   162	         0
   163	         1
   164	         0
   165	         1
   166	         0
   167	         0
   168	         0
   169	         0
   170	         0
   171	         1
   172	         0
   173	         0
   174	         0
   175	         0
   176	         0
   177	         0
   178	         0
   179	         0
   180	         0
   181	         0
   182	         1
   183	         0
   184	         1
   185	         0
   186	         0
   187	         0
   188	         0
   189	         0
   190	         0
   191	         0
   192	         0
   193	         0
   194	         1
   195	         0
   196	         0
   197	         1
   198	         1
   199	         0
   200	         0
   201	         0
   202	         0
   203	         0
   204	         1
   205	         1
   206	         0
   207	         0
   208	         0
   209	         0
   210	         0
   211	         0
   212	         0
   213	         0
   214	         0
   215	         0
   216	         1
   217	         0
   218	         0
   219	         0
   220	         0
   221	         0
   222	         0
   223	         0
   224	         0
   225	         0
   226	         0
   227	         0
   228	         0
   229	         0
   230	         1
   231	         2
   232	         0
   233	         0
   234	         1
   235	         1
   236	         0
   237	         0
   238	         0
   239	         0
   240	         0
   241	         0
   242	         0
   243	         0
   244	         0
   245	         0
   246	         2
   247	         0
   248	         0
   249	         0
   250	         0
   251	         0
   252	         1
   253	         1
   254	         0
   255	         0
   256	         0
   257	         0
   258	         0
   259	         0
   260	         0
   261	         0
   262	         0
   263	         0
   264	         0
   265	         0
   266	         0
   267	         0
   268	         0
   269	         0
   270	         0
   271	         0
   272	         0
   273	         0
   274	         0
   275	         2
   276	         0
   277	         0
   278	         2
   279	         0
   280	         0
   281	         0
   282	         1
   283	         0
   284	         0
   285	         0
   286	         1
   287	         0
   288	         0
   289	         0
   290	         1
   291	         0
   292	         0
   293	         0
   294	         0
   295	         0
   296	         0
   297	         0
   298	         0
   299	         0
   300	         0
   301	         0
   302	         0
   303	         0
   304	         1
   305	         0
   306	         0
   307	         0
   308	         0
   309	         0
   310	         0
   311	         0
   312	         1
   313	         0
   314	         0
   315	         0
   316	         0
   317	         0
   318	         0
   319	         1
   320	         1
   321	         0
   322	         0
   323	         0
   324	         1
   325	         0
   326	         0
   327	         0
   328	         0
   329	         1
   330	         0
   331	         2
   332	         0
   333	         1
   334	         0
   335	         0
   336	         0
   337	         0
   338	         0
   339	         0
   340	         1
   341	         1
   342	         1
   343	         1
   344	         0
   345	         0
   346	         1
   347	         2
   348	         0
   349	         0
   350	         1
   351	         0
   352	         0
   353	         0
   354	         0
   355	         1
   356	         0
   357	         1
   358	         0
   359	         0
   360	         2
   361	         0
   362	         0
   363	         0
   364	         0
   365	         0
   366	         0
   367	         0
   368	         1
   369	         1
   370	         0
   371	         1
   372	         0
   373	         0
   374	         1
   375	         1
   376	         1
   377	         0
   378	         1
   379	         0
   380	         0
   381	         0
   382	         0
   383	         0
   384	         0
   385	         0
   386	         1
   387	         0
   388	         0
   389	         0
   390	         0
   391	         2
   392	         0
   393	         0
   394	         1
   395	         0
   396	         0
   397	         0
   398	         0
   399	         0
   400	         0
   401	         1
   402	         0
   403	         1
   404	         0
   405	         1
   406	         1
   407	         0
   408	         0
   409	         1
   410	         0
   411	         1
   412	         0
   413	         1
   414	         0
   415	         0
   416	         0
   417	         0
   418	         0
   419	         1
   420	         0
   421	         0
   422	         0
   423	         0
   424	         0
   425	         0
   426	         1
   427	         0
   428	         1
   429	         0
   430	         1
   431	         0
   432	         1
   433	         0
   434	         1
   435	         0
   436	         0
   437	         0
   438	         0
   439	         0
   440	         1
   441	         0
   442	         1
   443	         2
   444	         1
   445	         1
   446	         0
   447	         2
   448	         1
   449	         0
   450	         0
   451	         1
   452	         0
   453	         0
   454	         0
   455	         0
   456	         1
   457	         0
   458	         0
   459	         0
   460	         1
   461	         0
   462	         0
   463	         0
   464	         0
   465	         0
   466	         0
   467	         0
   468	         0
   469	         0
   470	         2
   471	         2
   472	         1
   473	         0
   474	         0
   475	         0
   476	         0
   477	         0
   478	         0
   479	         0
   480	         1
   481	         0
   482	         1
   483	         0
   484	         0
   485	         1
   486	         0
   487	         0
   488	         0
   489	         0
   490	         0
   491	         0
   492	         0
   493	         1
   494	         0
   495	         0
   496	         0
   497	         0
   498	         0
   499	         0
   500	         0
   501	         0
   502	         1
   503	         1
   504	         1
   505	         2
   506	         1
   507	         0
   508	         1
   509	         0
   510	         0
   511	         0
   512	         0
   513	         0
   514	         0
   515	         0
   516	         1
   517	         1
   518	         1
   519	         1
   520	         1
   521	         1
   522	         0
   523	         1
   524	         1
   525	         0
   526	         1
   527	         0
   528	         0
   529	         0
   530	         0
   531	         1
   532	         0
   533	         1
   534	         1
   535	         0
   536	         0
   537	         0
   538	         1
   539	         1
   540	         0
   541	         1
   542	         0
   543	         1
   544	         0
   545	         0
   546	         0
   547	         1
   548	         0
   549	         2
   550	         0
   551	         1
   552	         0
   553	         0
   554	         0
   555	         0
   556	         0
   557	         0
   558	         0
   559	         1
   560	         0
   561	         0
   562	         1
   563	         1
   564	         0
   565	         0
   566	         1
   567	         1
   568	         3
   569	         0
   570	         3
   571	         0
   572	         0
   573	         1
   574	         1
   575	         0
   576	         1
   577	         1
   578	         1
   579	         0
   580	         1
   581	         1
   582	         1
   583	         1
   584	         0
   585	         2
   586	         1
   587	         0
   588	         0
   589	         0
   590	         1
   591	         1
   592	         0
   593	         2
   594	         3
   595	         2
   596	         0
   597	         1
   598	         1
   599	         0
   600	         1
   601	         1
   602	         4
   603	         0
   604	         1
   605	         1
   606	         1
   607	         1
   608	         3
   609	         1
   610	         1
   611	         1
   612	         2
   613	         1
   614	         2
   615	         2
   616	         2
   617	         2
   618	         0
   619	         1
   620	         0
   621	         0
   622	         0
   623	         2
   624	         2
   625	         0
   626	         3
   627	         1
   628	         2
   629	         0
   630	         0
   631	         0
   632	         4
   633	         0
   634	         0
   635	         0
   636	         1
   637	         4
   638	         1
   639	         4
   640	         2
   641	         1
   642	         3
   643	         4
   644	         0
   645	         2
   646	         1
   647	         3
   648	         1
   649	         0
   650	         2
   651	         3
   652	         1
   653	         5
   654	         1
   655	         5
   656	         3
   657	         4
   658	         3
   659	         4
   660	         2
   661	         1
   662	         2
   663	         3
   664	         1
   665	         3
   666	         4
   667	         1
   668	         1
   669	         6
   670	         4
   671	         7
   672	         7
   673	         1
   674	         5
   675	         7
   676	         3
   677	         4
   678	         1
   679	         4
   680	         3
   681	         6
   682	         7
   683	         5
   684	         3
   685	         4
   686	         7
   687	         7
   688	         8
   689	         6
   690	         7
   691	         7
   692	         9
   693	         8
   694	         8
   695	         7
   696	         9
   697	         6
   698	        10
   699	         9
   700	         8
   701	         8
   702	         7
   703	         6
   704	         9
   705	        10
   706	        13
   707	        20
   708	         7
   709	        11
   710	         7
   711	        13
   712	        21
   713	        15
   714	        15
   715	         8
   716	        21
   717	        14
   718	        17
   719	        17
   720	        20
   721	        19
   722	        29
   723	        20
   724	        14
   725	        25
   726	        33
   727	        29
   728	        31
   729	        28
   730	        36
   731	        34
   732	        43
   733	        35
   734	        44
   735	        54
   736	        48
   737	        55
   738	        43
   739	        77
   740	        59
   741	        91
   742	       111
   743	       106
   744	       132
   745	       118
   746	       130
   747	       177
   748	       194
   749	       222
   750	       252
   751	       269
   752	       295
   753	       294
   754	       402
   755	       394
   756	       413
   757	       422
   758	       413
   759	       399
   760	       330
   761	       284
   762	       197
   763	       121
   764	        94
   765	        46
   766	        41
   767	        18
   768	        15
   769	         9
   770	        11
   771	        14
   772	         6
   773	         9
   774	         9
   775	         9
   776	         8
   777	        12
   778	         7
   779	         7
   780	         7
   781	         8
   782	        12
   783	         7
   784	        10
   785	        17
   786	        15
   787	        13
   788	        10
   789	        14
   790	        10
   791	        25
   792	        17
   793	        31
   794	        26
   795	        25
   796	        24
   797	        29
   798	        32
   799	        34
   800	        44
   801	        56
   802	        66
   803	        71
   804	        72
   805	        88
   806	       107
   807	        96
   808	       100
   809	       106
   810	       105
   811	       129
   812	        96
   813	       118
   814	        66
   815	        43
   816	        42
   817	        20
   818	         9
   819	        10
   820	         3
   821	         5
   822	         2
   823	         0
   824	         0
   825	         2
   826	         0
   827	         0
   828	         2
   829	         1
   830	         0
   831	         0
   832	         1
   833	         1
   834	         0
   835	         0
   836	         0
   837	         1
   838	         0
   839	         0
   840	         1
   841	         0
   842	         0
   843	         0
   844	         0
   845	         0
   846	         0
   847	         0
   848	         0
   849	         0
   850	         0
   851	         0
   852	         0
   853	         0
   854	         0
   855	         0
   856	         0
   857	         0
   858	         0
   859	         0
   860	         0
   861	         0
   862	         0
   863	         0
   864	         0
   865	         0
   866	         0
   867	         0
   868	         0
   869	         0
   870	         0
   871	         0
   872	         0
   873	         0
   874	         0
   875	         0
   876	         0
   877	         0
   878	         0
   879	         0
   880	         0
   881	         0
   882	         0
   883	         0
   884	         0
   885	         0
   886	         0
   887	         0
   888	         0
   889	         0
   890	         0
   891	         0
   892	         0
   893	         0
   894	         0
   895	         0
   896	         0
   897	         0
   898	         0
   899	         0
   900	         0
   901	         0
   902	         0
   903	         0
   904	         0
   905	         0
   906	         0
   907	         0
   908	         0
   909	         0
   910	         0
   911	         0
   912	         0
   913	         0
   914	         0
   915	         0
   916	         0
   917	         0
   918	         1
   919	         0
   920	         0
   921	         0
   922	         0
   923	         0
   924	         0
   925	         0
   926	         0
   927	         1
   928	         0
   929	         0
   930	         0
   931	         0
   932	         0
   933	         0
   934	         0
   935	         0
   936	         0
   937	         0
   938	         0
   939	         0
   940	         0
   941	         0
   942	         0
   943	         0
   944	         0
   945	         0
   946	         0
   947	         0
   948	         0
   949	         0
   950	         0
   951	         0
   952	         0
   953	         0
   954	         0
   955	         0
   956	         0
   957	         0
   958	         0
   959	         0
   960	         0
   961	         0
   962	         0
   963	         0
   964	         0
   965	         0
   966	         1
   967	         0
   968	         0
   969	         0
   970	         0
   971	         0
   972	         0
   973	         0
   974	         0
   975	         0
   976	         0
   977	         0
   978	         0
   979	         0
   980	         0
   981	         0
   982	         0
   983	         0
   984	         0
   985	         0
   986	         0
   987	         0
   988	         0
   989	         0
   990	         0
   991	         0
   992	         0
   993	         0
   994	         0
   995	         0
   996	         0
   997	         0
   998	         0
   999	         0
  1000	         0
  1001	         0
  1002	         0
  1003	         0
  1004	         0
  1005	         0
  1006	         0
  1007	         0
  1008	         0
  1009	         0
  1010	         0
  1011	         0
  1012	         0
  1013	         0
  1014	         0
  1015	         0
  1016	         0
  1017	         0
  1018	         0
  1019	         0
  1020	         0
  1021	         0
  1022	         0
  1023	         0
