1024	1	1.01	0	1	0
     0	         0
     1	         0
     2	         0
     3	         0
     4	         0
     5	         0
     6	         0
     7	         0
     8	         0
     9	         0
    10	         0
    11	         0
    12	         0
    13	         0
    14	         0
    15	         0
    16	         0
    17	         0
    18	         0
    19	         0
    20	         0
    21	         0
    22	         0
    23	         0
    24	         0
    25	         0
    26	         0
    27	         0
    28	         0
    29	         0
    30	         0
    31	         0
    32	         0
    33	         0
    34	         0
    35	         0
    36	         0
    37	         0
    38	         0
    39	         0
    40	         0
    41	         0
    42	         0
    43	         0
    44	         0
    45	         0
    46	         0
    47	         0
    48	         0
    49	         0
    50	         0
    51	         0
    52	         0
    53	         0
    54	         0
    55	         0
    56	         0
    57	         0
    58	         0
    59	         0
    60	         0
    61	         0
    62	         0
    63	         0
    64	         0
    65	         0
    66	         0
    67	         0
    68	         0
    69	         0
    70	         0
    71	         0
    72	         0
    73	         0
    74	         0
    75	         0
    76	         0
    77	         0
    78	         0
    79	         0
    80	         0
    81	         0
    82	         0
    83	         0
    84	         0
    85	         0
    86	         0
    87	         0
    88	         0
    89	         0
    90	         0
    91	         0
    92	         0
    93	         0
    94	         0
    95	         0
    96	         0
    97	         0
    98	         0
    99	         0
   100	         0
   101	         0
   102	         0
   103	         0
   104	         0
   105	         0
   106	         0
   107	         0
   108	         0
   109	         0
   110	         0
   111	         0
   112	         0
   113	         0
   114	         0
   115	         0
   116	         0
   117	         0
   118	         0
   119	         0
   120	         0
   121	         0
   122	         0
   123	         0
   124	         0
   125	         0
   126	         0
   127	         0
   128	         0
   129	         0
   130	         0
   131	         0
   132	         0
   133	         1
   134	         0
   135	         0
   136	         0
   137	         0
   138	         0
   139	         0
   140	         0
   141	         0
   142	         1
   143	         0
   144	         0
   145	         1
   146	         0
   147	         0
   148	         0
   149	         0
   150	         0
   151	         0
   152	         0
   153	         0
   154	         2
   155	         1
   156	         1
   157	         0
   158	         2
   159	         1
   160	         0
   161	         1
   162	         0
   163	         1
   164	         0
   165	         1
   166	         0
   167	         0
   168	         2
   169	         0
   170	         0
   171	         0
   172	         0
   173	         1
   174	         1
   175	         0
   176	         0
   177	         0
   178	         0
   179	         2
   180	         0
   181	         0
   182	         1
   183	         0
   184	         0
   185	         0
   186	         0
   187	         0
   188	         2
   189	         0
   190	         1
   191	         0
   192	         1
   193	         2
   194	         2
   195	         0
   196	         2
   197	         3
   198	         2
   199	         1
   200	         0
   201	         0
   202	         2
   203	         0
   204	         2
   205	         1
   206	         1
   207	         1
   208	         0
   209	         1
   210	         3
   211	         1
   212	         2
   213	         2
   214	         0
   215	         1
   216	         0
   217	         3
   218	         0
   219	         0
   220	         0
   221	         3
   222	         0
   223	         2
   224	         0
   225	         0
   226	         1
   227	         1
   228	         1
   229	         0
   230	         1
   231	         1
   232	         2
   233	         2
   234	         2
   235	         1
   236	         4
   237	         0
   238	         2
   239	         0
   240	         1
   241	         2
   242	         1
   243	         4
   244	         0
   245	         2
   246	         1
   247	         1
   248	         0
   249	         1
   250	         0
   251	         2
   252	         3
   253	         2
   254	         0
   255	         3
   256	         1
   257	         3
   258	         2
   259	         4
   260	         4
   261	         3
   262	         2
   263	         2
   264	         2
   265	         0
   266	         1
   267	         5
   268	         1
   269	         1
   270	         3
   271	         4
   272	         2
   273	         3
   274	         2
   275	         2
   276	         5
   277	         3
   278	         2
   279	         4
   280	         1
   281	         2
   282	         2
   283	         4
   284	         2
   285	         0
   286	         3
   287	        10
   288	         1
   289	         6
   290	         4
   291	         0
   292	         3
   293	         5
   294	         7
   295	         5
   296	         5
   297	         4
   298	         2
   299	         2
   300	         2
   301	         7
   302	         3
   303	         6
   304	         2
   305	         7
   306	         4
   307	         7
   308	         5
   309	         4
   310	         5
   311	         9
   312	         8
   313	         7
   314	         9
   315	         5
   316	         8
   317	         2
   318	         3
   319	         4
   320	         5
   321	         5
   322	         8
   323	        16
   324	         6
   325	         6
   326	         7
   327	         6
   328	         7
   329	         8
   330	        13
   331	         6
   332	        14
   333	         6
   334	         8
   335	         6
   336	        16
   337	        11
   338	        13
   339	        12
   340	        15
   341	         9
   342	        21
   343	        18
   344	        12
   345	        14
   346	        16
   347	        15
   348	        12
   349	        18
   350	        17
   351	        19
   352	        14
   353	        22
   354	        23
   355	        18
   356	        22
   357	        26
   358	        25
   359	        20
   360	        31
   361	        24
   362	        23
   363	        28
   364	        25
   365	        28
   366	        31
   367	        35
   368	        28
   369	        31
   370	        57
   371	        49
   372	        52
   373	        44
   374	        41
   375	        62
   376	        67
   377	        72
   378	        76
   379	        74
   380	        82
   381	       102
   382	        85
   383	       109
   384	       136
   385	       127
   386	       136
   387	       154
   388	       155
   389	       165
   390	       181
   391	       159
   392	       218
   393	       181
   394	       196
   395	       205
   396	       204
   397	       214
   398	       180
   399	       219
   400	       202
   401	       210
   402	       203
   403	       179
   404	       186
   405	       165
   406	       162
   407	       127
   408	       128
   409	       113
   410	        97
   411	        74
   412	        75
   413	        53
   414	        48
   415	        40
   416	        33
   417	        19
   418	        16
   419	        10
   420	        14
   421	         7
   422	         8
   423	         9
   424	         8
   425	         9
   426	         7
   427	         6
   428	        11
   429	         3
   430	        11
   431	         7
   432	         6
   433	        12
   434	         4
   435	         7
   436	         6
   437	         6
   438	        10
   439	        11
   440	         4
   441	        11
   442	        11
   443	        13
   444	        16
   445	        14
   446	        12
   447	        15
   448	        17
   449	        15
   450	        21
   451	        13
   452	        27
   453	        26
   454	        23
   455	        35
   456	        39
   457	        33
   458	        42
   459	        34
   460	        43
   461	        35
   462	        40
   463	        49
   464	        46
   465	        51
   466	        59
   467	        55
   468	        56
   469	        54
   470	        53
   471	        62
   472	        53
   473	        63
   474	        70
   475	        55
   476	        48
   477	        58
   478	        42
   479	        40
   480	        38
   481	        32
   482	        31
   483	        18
   484	        19
   485	        12
   486	        17
   487	        11
   488	         7
   489	         7
   490	         2
   491	         8
   492	         4
   493	         2
   494	         0
   495	         0
   496	         0
   497	         0
   498	         0
   499	         0
   500	         1
   501	         0
   502	         0
   503	         0
   504	         0
   505	         0
   506	         0
   507	         0
   508	         0
   509	         0
   510	         0
   511	         1
   512	         0
   513	         0
   514	         0
   515	         0
   516	         0
   517	         0
   518	         0
   519	         0
   520	         0
   521	         0
   522	         0
   523	         0
   524	         0
   525	         0
   526	         0
   527	         0
   528	         0
   529	         0
   530	         0
   531	         0
   532	         0
   533	         0
   534	         0
   535	         0
   536	         0
   537	         0
   538	         0
   539	         0
   540	         0
   541	         0
   542	         0
   543	         0
   544	         0
   545	         0
   546	         0
   547	         0
   548	         0
   549	         0
   550	         0
   551	         0
   552	         0
   553	         0
   554	         0
   555	         0
   556	         0
   557	         0
   558	         0
   559	         0
   560	         0
   561	         0
   562	         0
   563	         0
   564	         0
   565	         0
   566	         0
   567	         0
   568	         0
   569	         0
   570	         0
   571	         0
   572	         0
   573	         0
   574	         1
   575	         1
   576	         0
   577	         0
   578	         0
   579	         0
   580	         0
   581	         0
   582	         0
   583	         0
   584	         0
   585	         0
   586	         0
   587	         0
   588	         0
   589	         0
   590	         0
   591	         0
   592	         0
   593	         0
   594	         0
   595	         0
   596	         0
   597	         0
   598	         0
   599	         0
   600	         0
   601	         1
   602	         1
   603	         0
   604	         0
   605	         0
   606	         0
   607	         0
   608	         0
   609	         0
   610	         0
   611	         0
   612	         0
   613	         0
   614	         0
   615	         0
   616	         0
   617	         1
   618	         0
   619	         0
   620	         0
   621	         0
   622	         0
   623	         0
   624	         0
   625	         0
   626	         0
   627	         0
   628	         0
   629	         0
   630	         0
   631	         0
   632	         0
   633	         0
   634	         0
   635	         0
   636	         0
   637	         0
   638	         0
   639	         0
   640	         0
   641	         0
   642	         0
   643	         0
   644	         0
   645	         0
   646	         0
   647	         0
   648	         0
   649	         0
   650	         0
   651	         0
   652	         0
   653	         0
   654	         0
   655	         0
   656	         0
   657	         0
   658	         0
   659	         0
   660	         0
   661	         0
   662	         0
   663	         0
   664	         0
   665	         0
   666	         0
   667	         0
   668	         0
   669	         0
   670	         0
   671	         0
   672	         0
   673	         0
   674	         0
   675	         1
   676	         0
   677	         1
   678	         0
   679	         0
   680	         0
   681	         0
   682	         0
   683	         0
   684	         0
   685	         0
   686	         0
   687	         0
   688	         0
   689	         0
   690	         0
   691	         0
   692	         0
   693	         0
   694	         0
   695	         0
   696	         0
   697	         0
   698	         0
   699	         0
   700	         0
   701	         0
   702	         0
   703	         0
   704	         0
   705	         0
   706	         0
   707	         0
   708	         0
   709	         0
   710	         0
   711	         0
   712	         0
   713	         0
   714	         0
   715	         0
   716	         0
   717	         0
   718	         0
   719	         0
   720	         0
   721	         0
   722	         0
   723	         0
   724	         0
   725	         0
   726	         0
   727	         0
   728	         0
   729	         1
   730	         0
   731	         0
   732	         0
   733	         0
   734	         0
   735	         0
   736	         0
   737	         0
   738	         0
   739	         0
   740	         0
   741	         0
   742	         0
   743	         0
   744	         1
   745	         0
   746	         0
   747	         0
   748	         0
   749	         0
   750	         0
   751	         0
   752	         0
   753	         0
   754	         0
   755	         0
   756	         0
   757	         1
   758	         0
   759	         0
   760	         0
   761	         0
   762	         0
   763	         0
   764	         0
   765	         0
   766	         0
   767	         0
   768	         0
   769	         0
   770	         0
   771	         0
   772	         0
   773	         0
   774	         0
   775	         0
   776	         0
   777	         0
   778	         0
   779	         0
   780	         0
   781	         0
   782	         0
   783	         0
   784	         0
   785	         0
   786	         1
   787	         0
   788	         0
   789	         1
   790	         0
   791	         0
   792	         0
   793	         0
   794	         0
   795	         0
   796	         0
   797	         0
   798	         0
   799	         0
   800	         0
   801	         0
   802	         0
   803	         0
   804	         0
   805	         0
   806	         0
   807	         0
   808	         0
   809	         0
   810	         0
   811	         0
   812	         0
   813	         0
   814	         0
   815	         0
   816	         0
   817	         0
   818	         0
   819	         0
   820	         0
   821	         0
   822	         0
   823	         0
   824	         0
   825	         0
   826	         0
   827	         0
   828	         0
   829	         0
   830	         0
   831	         0
   832	         0
   833	         1
   834	         0
   835	         0
   836	         0
   837	         0
   838	         0
   839	         0
   840	         0
   841	         0
   842	         0
   843	         0
   844	         0
   845	         0
   846	         0
   847	         0
   848	         0
   849	         0
   850	         0
   851	         0
   852	         0
   853	         1
   854	         0
   855	         0
   856	         0
   857	         0
   858	         0
   859	         0
   860	         0
   861	         0
   862	         0
   863	         0
   864	         0
   865	         0
   866	         0
   867	         0
   868	         0
   869	         0
   870	         0
   871	         0
   872	         0
   873	         0
   874	         0
   875	         0
   876	         0
   877	         0
   878	         0
   879	         0
   880	         0
   881	         0
   882	         0
   883	         0
   884	         0
   885	         0
   886	         0
   887	         0
   888	         0
   889	         0
   890	         0
   891	         0
   892	         0
   893	         0
   894	         0
   895	         0
   896	         0
   897	         0
   898	         0
   899	         1
   900	         0
   901	         0
   902	         0
   903	         0
   904	         0
   905	         0
   906	         0
   907	         0
   908	         0
   909	         0
   910	         0
   911	         0
   912	         0
   913	         0
   914	         0
   915	         0
   916	         0
   917	         0
   918	         0
   919	         0
   920	         0
   921	         0
   922	         0
   923	         0
   924	         0
   925	         0
   926	         0
   927	         0
   928	         0
   929	         0
   930	         0
   931	         0
   932	         0
   933	         0
   934	         0
   935	         0
   936	         0
   937	         0
   938	         0
   939	         0
   940	         0
   941	         0
   942	         0
   943	         0
   944	         0
   945	         0
   946	         0
   947	         0
   948	         0
   949	         0
   950	         0
   951	         0
   952	         0
   953	         0
   954	         0
   955	         0
   956	         0
   957	         0
   958	         0
   959	         0
   960	         0
   961	         0
   962	         0
   963	         0
   964	         0
   965	         0
   966	         0
   967	         0
   968	         0
   969	         0
   970	         0
   971	         0
   972	         0
   973	         0
   974	         0
   975	         0
   976	         0
   977	         0
   978	         0
   979	         0
   980	         0
   981	         0
   982	         0
   983	         0
   984	         0
   985	         0
   986	         0
   987	         0
   988	         0
   989	         0
   990	         0
   991	         0
   992	         0
   993	         0
   994	         0
   995	         0
   996	         0
   997	         0
   998	         0
   999	         0
  1000	         0
  1001	         0
  1002	         0
  1003	         0
  1004	         0
  1005	         0
  1006	         0
  1007	         0
  1008	         0
  1009	         0
  1010	         0
  1011	         0
  1012	         0
  1013	         0
  1014	         0
  1015	         0
  1016	         0
  1017	         0
  1018	         0
  1019	         0
  1020	         0
  1021	         0
  1022	         0
  1023	         0
