1024	1	1.01	0	1	0
     0	         0
     1	         0
     2	         0
     3	         0
     4	         0
     5	         0
     6	         0
     7	         0
     8	         0
     9	         0
    10	         0
    11	         0
    12	         0
    13	         0
    14	         0
    15	         0
    16	         0
    17	         0
    18	         0
    19	         0
    20	         0
    21	         0
    22	         0
    23	         0
    24	         0
    25	         0
    26	         0
    27	         0
    28	         0
    29	         0
    30	         0
    31	         0
    32	         0
    33	         0
    34	         0
    35	         0
    36	         0
    37	         0
    38	         0
    39	         0
    40	         0
    41	         0
    42	         0
    43	         0
    44	         0
    45	         0
    46	         0
    47	         0
    48	         0
    49	         0
    50	         0
    51	         0
    52	         0
    53	         0
    54	         0
    55	         0
    56	         0
    57	         0
    58	         0
    59	         0
    60	         0
    61	         0
    62	         0
    63	         0
    64	         0
    65	         0
    66	         0
    67	         0
    68	         0
    69	         0
    70	         0
    71	         0
    72	         0
    73	         0
    74	         0
    75	         0
    76	         0
    77	         0
    78	         0
    79	         0
    80	         0
    81	         0
    82	         0
    83	         0
    84	         0
    85	         0
    86	         0
    87	         0
    88	         0
    89	         0
    90	         0
    91	         0
    92	         0
    93	         0
    94	         0
    95	         0
    96	         0
    97	         0
    98	         0
    99	         0
   100	         0
   101	         0
   102	         0
   103	         0
   104	         0
   105	         0
   106	         0
   107	         0
   108	         0
   109	         0
   110	         0
   111	         0
   112	         0
   113	         0
   114	         0
   115	         0
   116	         0
   117	         0
   118	         0
   119	         0
   120	         0
   121	         0
   122	         0
   123	         0
   124	         0
   125	         0
   126	         0
   127	         0
   128	         0
   129	         0
   130	         0
   131	         0
   132	         0
   133	         0
   134	         0
   135	         0
   136	         0
   137	         0
   138	         0
   139	         0
   140	         0
   141	         0
   142	         0
   143	         1
   144	         0
   145	         1
   146	         0
   147	         0
   148	         0
   149	         0
   150	         0
   151	         0
   152	         0
   153	         0
   154	         0
   155	         0
   156	         0
   157	         0
   158	         2
   159	         0
   160	         2
   161	         0
   162	         0
   163	         0
   164	         0
   165	         0
   166	         0
   167	         0
   168	         1
   169	         0
   170	         1
   171	         0
   172	         0
   173	         1
   174	         0
   175	         0
   176	         1
   177	         0
   178	         0
   179	         0
   180	         1
   181	         0
   182	         1
   183	         0
   184	         0
   185	         0
   186	         1
   187	         0
   188	         2
   189	         1
   190	         0
   191	         0
   192	         0
   193	         1
   194	         0
   195	         0
   196	         0
   197	         0
   198	         0
   199	         0
   200	         0
   201	         0
   202	         0
   203	         0
   204	         0
   205	         0
   206	         1
   207	         0
   208	         1
   209	         0
   210	         2
   211	         1
   212	         0
   213	         1
   214	         0
   215	         1
   216	         1
   217	         1
   218	         1
   219	         1
   220	         2
   221	         0
   222	         0
   223	         0
   224	         0
   225	         0
   226	         0
   227	         0
   228	         1
   229	         1
   230	         0
   231	         0
   232	         0
   233	         1
   234	         0
   235	         0
   236	         1
   237	         1
   238	         0
   239	         0
   240	         2
   241	         0
   242	         0
   243	         0
   244	         1
   245	         1
   246	         0
   247	         0
   248	         1
   249	         1
   250	         1
   251	         0
   252	         1
   253	         0
   254	         1
   255	         0
   256	         0
   257	         1
   258	         1
   259	         2
   260	         0
   261	         0
   262	         3
   263	         1
   264	         0
   265	         2
   266	         1
   267	         0
   268	         0
   269	         2
   270	         0
   271	         3
   272	         0
   273	         0
   274	         1
   275	         2
   276	         4
   277	         1
   278	         1
   279	         2
   280	         0
   281	         2
   282	         0
   283	         0
   284	         0
   285	         0
   286	         0
   287	         1
   288	         0
   289	         3
   290	         0
   291	         2
   292	         1
   293	         1
   294	         2
   295	         0
   296	         1
   297	         0
   298	         3
   299	         1
   300	         0
   301	         0
   302	         2
   303	         0
   304	         1
   305	         0
   306	         2
   307	         0
   308	         1
   309	         1
   310	         1
   311	         2
   312	         4
   313	         1
   314	         1
   315	         2
   316	         3
   317	         2
   318	         2
   319	         0
   320	         2
   321	         1
   322	         0
   323	         4
   324	         2
   325	         0
   326	         4
   327	         0
   328	         0
   329	         1
   330	         2
   331	         0
   332	         2
   333	         0
   334	         2
   335	         0
   336	         0
   337	         1
   338	         2
   339	         5
   340	         3
   341	         1
   342	         2
   343	         3
   344	         3
   345	         0
   346	         3
   347	         2
   348	         1
   349	         0
   350	         3
   351	         4
   352	         0
   353	         1
   354	         2
   355	         2
   356	         1
   357	         1
   358	         3
   359	         4
   360	         3
   361	         1
   362	         1
   363	         3
   364	         2
   365	         2
   366	         3
   367	         3
   368	         3
   369	         3
   370	         2
   371	         2
   372	         4
   373	         5
   374	         4
   375	         4
   376	         3
   377	         4
   378	         2
   379	         4
   380	         3
   381	         3
   382	         2
   383	         4
   384	         4
   385	         4
   386	         3
   387	         5
   388	         6
   389	         6
   390	         2
   391	        11
   392	         5
   393	         6
   394	         3
   395	         5
   396	         7
   397	         5
   398	        10
   399	         7
   400	        12
   401	         9
   402	        10
   403	         7
   404	         5
   405	         6
   406	         5
   407	        14
   408	        11
   409	        14
   410	         7
   411	        14
   412	         7
   413	        10
   414	        12
   415	         9
   416	         8
   417	         7
   418	        10
   419	        13
   420	        11
   421	        14
   422	        16
   423	        11
   424	        12
   425	        17
   426	        25
   427	        14
   428	        14
   429	        13
   430	        17
   431	        18
   432	        23
   433	        18
   434	        21
   435	        18
   436	        17
   437	        18
   438	        25
   439	        26
   440	        25
   441	        21
   442	        30
   443	        32
   444	        23
   445	        27
   446	        31
   447	        24
   448	        46
   449	        39
   450	        39
   451	        43
   452	        48
   453	        66
   454	        61
   455	        71
   456	        64
   457	        80
   458	        77
   459	        87
   460	       105
   461	       111
   462	       121
   463	       126
   464	       164
   465	       152
   466	       157
   467	       170
   468	       179
   469	       211
   470	       235
   471	       225
   472	       283
   473	       235
   474	       276
   475	       272
   476	       283
   477	       270
   478	       283
   479	       228
   480	       235
   481	       205
   482	       205
   483	       188
   484	       130
   485	       129
   486	       103
   487	        92
   488	        65
   489	        55
   490	        41
   491	        35
   492	        24
   493	        17
   494	        17
   495	         7
   496	        10
   497	        12
   498	         9
   499	         3
   500	         8
   501	         5
   502	         7
   503	         6
   504	         7
   505	         9
   506	         9
   507	         4
   508	         6
   509	         8
   510	         5
   511	        15
   512	         6
   513	         8
   514	         8
   515	         7
   516	        13
   517	         9
   518	        12
   519	        13
   520	        19
   521	        12
   522	        16
   523	        17
   524	        24
   525	        29
   526	        24
   527	        26
   528	        30
   529	        35
   530	        35
   531	        37
   532	        38
   533	        54
   534	        35
   535	        57
   536	        49
   537	        68
   538	        61
   539	        70
   540	        44
   541	        64
   542	        69
   543	        88
   544	        73
   545	        62
   546	        65
   547	        65
   548	        55
   549	        45
   550	        35
   551	        38
   552	        20
   553	        25
   554	        15
   555	        18
   556	        10
   557	         8
   558	         5
   559	         5
   560	         1
   561	         0
   562	         3
   563	         1
   564	         0
   565	         0
   566	         0
   567	         0
   568	         0
   569	         0
   570	         0
   571	         0
   572	         0
   573	         0
   574	         0
   575	         0
   576	         0
   577	         0
   578	         0
   579	         0
   580	         0
   581	         0
   582	         0
   583	         0
   584	         0
   585	         0
   586	         0
   587	         0
   588	         0
   589	         0
   590	         0
   591	         0
   592	         0
   593	         0
   594	         0
   595	         0
   596	         0
   597	         0
   598	         0
   599	         0
   600	         0
   601	         0
   602	         1
   603	         0
   604	         0
   605	         0
   606	         0
   607	         0
   608	         0
   609	         0
   610	         0
   611	         0
   612	         0
   613	         0
   614	         0
   615	         0
   616	         0
   617	         0
   618	         0
   619	         0
   620	         0
   621	         0
   622	         0
   623	         0
   624	         0
   625	         0
   626	         0
   627	         0
   628	         0
   629	         0
   630	         0
   631	         0
   632	         0
   633	         0
   634	         0
   635	         0
   636	         0
   637	         0
   638	         0
   639	         0
   640	         0
   641	         0
   642	         0
   643	         0
   644	         0
   645	         0
   646	         0
   647	         0
   648	         0
   649	         0
   650	         0
   651	         1
   652	         0
   653	         0
   654	         0
   655	         0
   656	         0
   657	         0
   658	         0
   659	         0
   660	         0
   661	         0
   662	         0
   663	         0
   664	         0
   665	         0
   666	         0
   667	         0
   668	         0
   669	         0
   670	         0
   671	         0
   672	         0
   673	         0
   674	         0
   675	         0
   676	         0
   677	         1
   678	         0
   679	         0
   680	         0
   681	         0
   682	         0
   683	         0
   684	         0
   685	         0
   686	         0
   687	         0
   688	         0
   689	         0
   690	         0
   691	         0
   692	         0
   693	         0
   694	         0
   695	         0
   696	         0
   697	         0
   698	         0
   699	         0
   700	         0
   701	         0
   702	         0
   703	         0
   704	         0
   705	         0
   706	         0
   707	         0
   708	         0
   709	         0
   710	         0
   711	         0
   712	         0
   713	         0
   714	         0
   715	         0
   716	         0
   717	         0
   718	         0
   719	         0
   720	         0
   721	         0
   722	         0
   723	         0
   724	         0
   725	         0
   726	         0
   727	         0
   728	         0
   729	         0
   730	         0
   731	         0
   732	         1
   733	         0
   734	         0
   735	         0
   736	         0
   737	         0
   738	         0
   739	         0
   740	         0
   741	         0
   742	         0
   743	         0
   744	         0
   745	         0
   746	         0
   747	         0
   748	         0
   749	         0
   750	         0
   751	         0
   752	         0
   753	         0
   754	         0
   755	         0
   756	         0
   757	         0
   758	         1
   759	         0
   760	         0
   761	         0
   762	         0
   763	         0
   764	         0
   765	         0
   766	         0
   767	         0
   768	         0
   769	         0
   770	         0
   771	         0
   772	         0
   773	         0
   774	         0
   775	         0
   776	         0
   777	         0
   778	         0
   779	         0
   780	         0
   781	         0
   782	         0
   783	         0
   784	         0
   785	         0
   786	         0
   787	         0
   788	         0
   789	         0
   790	         0
   791	         0
   792	         0
   793	         0
   794	         0
   795	         0
   796	         0
   797	         0
   798	         0
   799	         0
   800	         0
   801	         0
   802	         0
   803	         0
   804	         0
   805	         0
   806	         0
   807	         0
   808	         0
   809	         0
   810	         0
   811	         0
   812	         0
   813	         0
   814	         0
   815	         0
   816	         0
   817	         0
   818	         0
   819	         0
   820	         0
   821	         0
   822	         0
   823	         0
   824	         0
   825	         0
   826	         0
   827	         0
   828	         0
   829	         0
   830	         0
   831	         0
   832	         0
   833	         0
   834	         0
   835	         0
   836	         0
   837	         0
   838	         0
   839	         0
   840	         0
   841	         0
   842	         0
   843	         0
   844	         0
   845	         0
   846	         0
   847	         0
   848	         0
   849	         0
   850	         0
   851	         0
   852	         0
   853	         0
   854	         0
   855	         0
   856	         0
   857	         0
   858	         0
   859	         0
   860	         0
   861	         0
   862	         0
   863	         0
   864	         0
   865	         0
   866	         0
   867	         0
   868	         0
   869	         0
   870	         0
   871	         0
   872	         0
   873	         0
   874	         0
   875	         0
   876	         0
   877	         1
   878	         0
   879	         0
   880	         0
   881	         0
   882	         0
   883	         0
   884	         0
   885	         0
   886	         0
   887	         0
   888	         0
   889	         0
   890	         1
   891	         0
   892	         0
   893	         0
   894	         0
   895	         0
   896	         0
   897	         0
   898	         0
   899	         0
   900	         0
   901	         0
   902	         0
   903	         0
   904	         0
   905	         0
   906	         0
   907	         0
   908	         0
   909	         0
   910	         0
   911	         0
   912	         0
   913	         0
   914	         0
   915	         0
   916	         0
   917	         0
   918	         0
   919	         0
   920	         0
   921	         0
   922	         0
   923	         0
   924	         0
   925	         0
   926	         1
   927	         0
   928	         0
   929	         0
   930	         0
   931	         0
   932	         0
   933	         0
   934	         0
   935	         1
   936	         0
   937	         0
   938	         0
   939	         0
   940	         0
   941	         0
   942	         0
   943	         0
   944	         0
   945	         0
   946	         0
   947	         0
   948	         0
   949	         0
   950	         0
   951	         0
   952	         0
   953	         0
   954	         0
   955	         0
   956	         0
   957	         0
   958	         0
   959	         0
   960	         0
   961	         0
   962	         0
   963	         0
   964	         0
   965	         0
   966	         0
   967	         0
   968	         0
   969	         0
   970	         1
   971	         0
   972	         0
   973	         0
   974	         0
   975	         0
   976	         0
   977	         0
   978	         0
   979	         0
   980	         1
   981	         0
   982	         0
   983	         0
   984	         0
   985	         0
   986	         0
   987	         0
   988	         0
   989	         0
   990	         0
   991	         0
   992	         0
   993	         0
   994	         0
   995	         0
   996	         0
   997	         0
   998	         0
   999	         0
  1000	         0
  1001	         0
  1002	         0
  1003	         0
  1004	         0
  1005	         0
  1006	         0
  1007	         0
  1008	         0
  1009	         0
  1010	         0
  1011	         0
  1012	         0
  1013	         0
  1014	         0
  1015	         0
  1016	         0
  1017	         0
  1018	         0
  1019	         0
  1020	         0
  1021	         0
  1022	         0
  1023	         0
