1024	1	1.01	0	1	0
     0	         0
     1	         0
     2	         0
     3	         0
     4	         0
     5	         0
     6	         0
     7	         0
     8	         0
     9	         0
    10	         0
    11	         0
    12	         0
    13	         0
    14	         0
    15	         0
    16	         0
    17	         0
    18	         0
    19	         0
    20	         0
    21	         0
    22	         0
    23	         0
    24	         0
    25	         0
    26	         0
    27	         0
    28	         0
    29	         0
    30	         0
    31	         0
    32	         0
    33	         0
    34	         0
    35	         0
    36	         0
    37	         0
    38	         0
    39	         0
    40	         0
    41	         0
    42	         0
    43	         0
    44	         0
    45	         0
    46	         0
    47	         0
    48	         0
    49	         0
    50	         0
    51	         0
    52	         0
    53	         0
    54	         0
    55	         0
    56	         0
    57	         0
    58	         0
    59	         0
    60	         0
    61	         0
    62	         0
    63	         0
    64	         0
    65	         0
    66	         0
    67	         0
    68	         0
    69	         0
    70	         0
    71	         0
    72	         0
    73	         0
    74	         0
    75	         0
    76	         0
    77	         0
    78	         0
    79	         0
    80	         0
    81	         0
    82	         0
    83	         0
    84	         0
    85	         0
    86	         0
    87	         0
    88	         0
    89	         0
    90	         0
    91	         0
    92	         0
    93	         0
    94	         0
    95	         0
    96	         0
    97	         0
    98	         0
    99	         0
   100	         0
   101	         0
   102	         0
   103	         0
   104	         0
   105	         0
   106	         0
   107	         0
   108	         0
   109	         0
   110	         0
   111	         0
   112	         0
   113	         0
   114	         0
   115	         0
   116	         0
   117	         0
   118	         0
   119	         0
   120	         0
   121	         0
   122	         0
   123	         0
   124	         0
   125	         0
   126	         0
   127	         0
   128	         0
   129	         0
   130	         0
   131	         0
   132	         0
   133	         0
   134	         0
   135	         0
   136	         0
   137	         0
   138	         0
   139	         0
   140	         0
   141	         0
   142	         0
   143	         0
   144	         0
   145	         0
   146	         1
   147	         0
   148	         1
   149	         0
   150	         0
   151	         0
   152	         0
   153	         0
   154	         1
   155	         0
   156	         0
   157	         2
   158	         1
   159	         0
   160	         0
   161	         0
   162	         1
   163	         1
   164	         0
   165	         0
   166	         0
   167	         0
   168	         1
   169	         0
   170	         0
   171	         0
   172	         0
   173	         0
   174	         0
   175	         0
   176	         0
   177	         0
   178	         1
   179	         0
   180	         0
   181	         1
   182	         0
   183	         1
   184	         0
   185	         0
   186	         1
   187	         0
   188	         0
   189	         0
   190	         0
   191	         0
   192	         1
   193	         0
   194	         2
   195	         0
   196	         0
   197	         0
   198	         0
   199	         0
   200	         0
   201	         0
   202	         0
   203	         1
   204	         1
   205	         0
   206	         0
   207	         0
   208	         1
   209	         1
   210	         1
   211	         0
   212	         0
   213	         2
   214	         0
   215	         1
   216	         1
   217	         2
   218	         0
   219	         1
   220	         2
   221	         1
   222	         1
   223	         1
   224	         0
   225	         0
   226	         0
   227	         0
   228	         0
   229	         0
   230	         0
   231	         1
   232	         1
   233	         0
   234	         0
   235	         0
   236	         0
   237	         0
   238	         0
   239	         0
   240	         0
   241	         2
   242	         1
   243	         0
   244	         0
   245	         0
   246	         5
   247	         0
   248	         1
   249	         2
   250	         0
   251	         1
   252	         3
   253	         0
   254	         0
   255	         1
   256	         1
   257	         0
   258	         0
   259	         2
   260	         0
   261	         0
   262	         0
   263	         0
   264	         1
   265	         0
   266	         0
   267	         0
   268	         1
   269	         0
   270	         1
   271	         0
   272	         0
   273	         1
   274	         2
   275	         0
   276	         0
   277	         0
   278	         1
   279	         2
   280	         1
   281	         1
   282	         3
   283	         2
   284	         0
   285	         0
   286	         1
   287	         0
   288	         1
   289	         1
   290	         1
   291	         0
   292	         1
   293	         2
   294	         1
   295	         1
   296	         1
   297	         0
   298	         3
   299	         3
   300	         0
   301	         1
   302	         0
   303	         0
   304	         1
   305	         1
   306	         2
   307	         1
   308	         2
   309	         0
   310	         1
   311	         1
   312	         0
   313	         0
   314	         0
   315	         2
   316	         1
   317	         1
   318	         1
   319	         3
   320	         2
   321	         2
   322	         0
   323	         1
   324	         1
   325	         0
   326	         2
   327	         2
   328	         2
   329	         3
   330	         5
   331	         2
   332	         2
   333	         1
   334	         1
   335	         0
   336	         2
   337	         5
   338	         3
   339	         2
   340	         2
   341	         0
   342	         0
   343	         5
   344	         2
   345	         1
   346	         1
   347	         0
   348	         5
   349	         3
   350	         4
   351	         4
   352	         1
   353	         2
   354	         4
   355	         3
   356	         1
   357	         2
   358	         3
   359	         3
   360	         1
   361	         1
   362	         5
   363	         5
   364	         0
   365	         1
   366	         1
   367	         4
   368	         8
   369	         7
   370	         3
   371	         1
   372	         3
   373	         3
   374	         5
   375	         1
   376	         3
   377	         3
   378	         6
   379	         4
   380	         6
   381	         4
   382	         2
   383	         2
   384	         5
   385	         2
   386	         5
   387	         3
   388	        11
   389	         3
   390	         2
   391	         6
   392	         3
   393	         6
   394	         3
   395	         3
   396	         8
   397	         6
   398	         3
   399	         5
   400	         6
   401	         7
   402	         8
   403	         8
   404	        10
   405	         4
   406	         6
   407	        10
   408	         8
   409	         9
   410	        10
   411	        10
   412	        12
   413	         4
   414	         4
   415	        11
   416	         8
   417	        10
   418	        11
   419	        12
   420	        11
   421	        17
   422	         8
   423	        10
   424	        11
   425	        10
   426	        15
   427	        11
   428	        12
   429	        13
   430	        14
   431	        13
   432	        22
   433	        18
   434	        19
   435	        18
   436	        20
   437	        29
   438	        27
   439	        30
   440	        34
   441	        33
   442	        29
   443	        28
   444	        28
   445	        39
   446	        39
   447	        42
   448	        36
   449	        44
   450	        52
   451	        57
   452	        63
   453	        65
   454	        69
   455	        77
   456	        88
   457	        93
   458	        89
   459	        84
   460	       124
   461	       140
   462	       125
   463	       167
   464	       156
   465	       183
   466	       174
   467	       187
   468	       204
   469	       204
   470	       234
   471	       238
   472	       261
   473	       270
   474	       267
   475	       249
   476	       241
   477	       286
   478	       249
   479	       214
   480	       191
   481	       202
   482	       179
   483	       137
   484	       147
   485	        93
   486	        80
   487	        65
   488	        51
   489	        47
   490	        32
   491	        23
   492	        16
   493	        19
   494	         2
   495	        11
   496	         8
   497	        11
   498	         7
   499	         7
   500	         6
   501	         7
   502	         5
   503	         6
   504	         7
   505	         8
   506	         7
   507	         8
   508	         5
   509	        11
   510	         7
   511	         9
   512	        14
   513	         8
   514	         8
   515	        11
   516	        14
   517	         9
   518	        16
   519	        18
   520	        13
   521	        20
   522	        18
   523	        21
   524	        30
   525	        26
   526	        30
   527	        28
   528	        27
   529	        46
   530	        31
   531	        47
   532	        44
   533	        66
   534	        54
   535	        60
   536	        62
   537	        65
   538	        78
   539	        68
   540	        62
   541	        67
   542	        58
   543	        64
   544	        69
   545	        61
   546	        55
   547	        63
   548	        53
   549	        30
   550	        34
   551	        26
   552	        22
   553	        23
   554	        14
   555	         6
   556	         3
   557	        10
   558	         4
   559	         2
   560	         1
   561	         1
   562	         0
   563	         1
   564	         0
   565	         0
   566	         0
   567	         2
   568	         0
   569	         0
   570	         0
   571	         0
   572	         2
   573	         0
   574	         0
   575	         0
   576	         0
   577	         0
   578	         0
   579	         0
   580	         0
   581	         0
   582	         0
   583	         0
   584	         0
   585	         0
   586	         0
   587	         0
   588	         0
   589	         0
   590	         0
   591	         0
   592	         0
   593	         0
   594	         0
   595	         0
   596	         0
   597	         0
   598	         0
   599	         0
   600	         0
   601	         0
   602	         0
   603	         0
   604	         0
   605	         0
   606	         0
   607	         0
   608	         0
   609	         0
   610	         0
   611	         0
   612	         0
   613	         0
   614	         0
   615	         0
   616	         0
   617	         0
   618	         0
   619	         0
   620	         0
   621	         0
   622	         0
   623	         0
   624	         0
   625	         0
   626	         1
   627	         0
   628	         0
   629	         0
   630	         0
   631	         0
   632	         0
   633	         0
   634	         0
   635	         0
   636	         0
   637	         1
   638	         0
   639	         0
   640	         0
   641	         0
   642	         0
   643	         0
   644	         0
   645	         0
   646	         0
   647	         0
   648	         0
   649	         0
   650	         0
   651	         0
   652	         0
   653	         0
   654	         0
   655	         0
   656	         0
   657	         0
   658	         1
   659	         0
   660	         0
   661	         0
   662	         0
   663	         0
   664	         0
   665	         0
   666	         0
   667	         0
   668	         0
   669	         0
   670	         0
   671	         0
   672	         0
   673	         0
   674	         0
   675	         0
   676	         0
   677	         0
   678	         0
   679	         0
   680	         0
   681	         0
   682	         0
   683	         0
   684	         0
   685	         0
   686	         0
   687	         0
   688	         1
   689	         0
   690	         0
   691	         0
   692	         0
   693	         0
   694	         0
   695	         0
   696	         0
   697	         0
   698	         0
   699	         0
   700	         0
   701	         0
   702	         0
   703	         1
   704	         0
   705	         0
   706	         0
   707	         0
   708	         0
   709	         0
   710	         0
   711	         0
   712	         0
   713	         0
   714	         0
   715	         0
   716	         0
   717	         0
   718	         0
   719	         0
   720	         0
   721	         0
   722	         0
   723	         0
   724	         0
   725	         0
   726	         0
   727	         0
   728	         0
   729	         0
   730	         0
   731	         0
   732	         0
   733	         1
   734	         0
   735	         0
   736	         1
   737	         0
   738	         0
   739	         0
   740	         0
   741	         0
   742	         0
   743	         0
   744	         0
   745	         0
   746	         0
   747	         0
   748	         0
   749	         0
   750	         0
   751	         1
   752	         0
   753	         0
   754	         0
   755	         0
   756	         0
   757	         0
   758	         0
   759	         0
   760	         0
   761	         0
   762	         0
   763	         0
   764	         0
   765	         0
   766	         0
   767	         0
   768	         0
   769	         0
   770	         0
   771	         0
   772	         0
   773	         0
   774	         0
   775	         0
   776	         0
   777	         0
   778	         0
   779	         1
   780	         0
   781	         1
   782	         0
   783	         0
   784	         0
   785	         0
   786	         0
   787	         1
   788	         0
   789	         0
   790	         0
   791	         0
   792	         0
   793	         0
   794	         0
   795	         0
   796	         0
   797	         0
   798	         0
   799	         0
   800	         0
   801	         0
   802	         0
   803	         0
   804	         0
   805	         0
   806	         0
   807	         0
   808	         0
   809	         0
   810	         0
   811	         0
   812	         0
   813	         0
   814	         0
   815	         0
   816	         0
   817	         0
   818	         0
   819	         0
   820	         0
   821	         0
   822	         0
   823	         0
   824	         0
   825	         0
   826	         0
   827	         0
   828	         0
   829	         0
   830	         0
   831	         0
   832	         0
   833	         0
   834	         0
   835	         0
   836	         0
   837	         0
   838	         0
   839	         0
   840	         0
   841	         0
   842	         0
   843	         0
   844	         0
   845	         0
   846	         0
   847	         0
   848	         0
   849	         0
   850	         0
   851	         0
   852	         0
   853	         0
   854	         0
   855	         0
   856	         0
   857	         0
   858	         0
   859	         0
   860	         0
   861	         0
   862	         0
   863	         0
   864	         0
   865	         0
   866	         0
   867	         0
   868	         0
   869	         0
   870	         0
   871	         0
   872	         0
   873	         0
   874	         0
   875	         0
   876	         0
   877	         0
   878	         0
   879	         0
   880	         0
   881	         0
   882	         0
   883	         0
   884	         0
   885	         0
   886	         0
   887	         0
   888	         0
   889	         0
   890	         0
   891	         0
   892	         0
   893	         0
   894	         0
   895	         0
   896	         0
   897	         0
   898	         0
   899	         0
   900	         0
   901	         0
   902	         0
   903	         0
   904	         0
   905	         0
   906	         0
   907	         0
   908	         0
   909	         0
   910	         0
   911	         0
   912	         0
   913	         0
   914	         0
   915	         0
   916	         0
   917	         0
   918	         0
   919	         0
   920	         0
   921	         0
   922	         0
   923	         0
   924	         0
   925	         0
   926	         0
   927	         0
   928	         0
   929	         0
   930	         0
   931	         0
   932	         0
   933	         0
   934	         0
   935	         0
   936	         0
   937	         0
   938	         0
   939	         0
   940	         0
   941	         0
   942	         0
   943	         0
   944	         0
   945	         0
   946	         0
   947	         0
   948	         0
   949	         0
   950	         0
   951	         0
   952	         0
   953	         0
   954	         0
   955	         0
   956	         0
   957	         0
   958	         0
   959	         0
   960	         0
   961	         0
   962	         0
   963	         0
   964	         0
   965	         0
   966	         1
   967	         0
   968	         0
   969	         0
   970	         0
   971	         0
   972	         0
   973	         0
   974	         0
   975	         0
   976	         0
   977	         0
   978	         0
   979	         0
   980	         0
   981	         1
   982	         0
   983	         0
   984	         0
   985	         0
   986	         0
   987	         0
   988	         0
   989	         0
   990	         0
   991	         0
   992	         0
   993	         0
   994	         0
   995	         0
   996	         0
   997	         0
   998	         0
   999	         0
  1000	         0
  1001	         0
  1002	         0
  1003	         0
  1004	         0
  1005	         0
  1006	         0
  1007	         0
  1008	         0
  1009	         0
  1010	         0
  1011	         0
  1012	         0
  1013	         0
  1014	         0
  1015	         0
  1016	         0
  1017	         0
  1018	         0
  1019	         0
  1020	         0
  1021	         0
  1022	         0
  1023	         0
